              26.233490,44.991860
              26.233490,44.991860
              26.235720,44.992500
              26.235720,44.992500
              26.235720,44.992500
              26.235720,44.992500
              26.235060,44.993780
              26.235060,44.993780
              26.235060,44.993780
              26.235060,44.993780
              26.234850,44.994160
              26.234850,44.994160
              26.234850,44.994160
              26.234850,44.994160
              26.234610,44.994330
              26.234610,44.994330
              26.234610,44.994330
              26.234610,44.994330
              26.234500,44.994620
              26.234500,44.994620
              26.234420,44.995170
              26.234420,44.995170
              26.233970,44.996220
              26.233970,44.996220
              26.233970,44.996220
              26.233970,44.996220
              26.233540,44.997110
              26.233540,44.997110
              26.233540,44.997110
              26.233540,44.997110
              26.232650,44.998490
              26.232650,44.998490
              26.232650,44.998490
              26.232650,44.998490
              26.232510,44.998960
              26.232510,44.998960
              26.232510,44.998960
              26.232510,44.998960
              26.232670,45.000920
              26.232670,45.000920
              26.232690,45.001240
              26.232690,45.001240
              26.232690,45.001240
              26.232690,45.001240
              26.232610,45.001600
              26.232610,45.001600
              26.232610,45.001600
              26.232610,45.001600
              26.232520,45.002010
              26.232520,45.002010
              26.232520,45.002010
              26.232520,45.002010
              26.232450,45.002400
              26.232450,45.002400
              26.232450,45.002400
              26.232450,45.002400
              26.232550,45.002790
              26.232550,45.002790
              26.232700,45.003180
              26.232700,45.003180
              26.232700,45.003180
              26.232700,45.003180
              26.232720,45.003480
              26.232720,45.003480
              26.232720,45.003480
              26.232720,45.003480
              26.232660,45.004120
              26.232660,45.004120
              26.232660,45.004120
              26.232660,45.004120
              26.232640,45.004780
              26.232640,45.004780
              26.232640,45.004780
              26.232640,45.004780
              26.232660,45.005300
              26.232660,45.005300
              26.232810,45.005340
              26.232810,45.005340
              26.232810,45.005340
              26.232810,45.005340
              26.232980,45.005350
              26.232980,45.005350
              26.232980,45.005350
              26.232980,45.005350
              26.233870,45.005350
              26.233870,45.005350
              26.233870,45.005350
              26.233870,45.005350
              26.234560,45.005420
              26.234560,45.005420
              26.234560,45.005420
              26.234560,45.005420
              26.234960,45.005470
              26.234960,45.005470
              26.235310,45.005630
              26.235310,45.005630
              26.235680,45.005950
              26.235680,45.005950
              26.235680,45.005950
              26.235680,45.005950
              26.236020,45.006090
              26.236020,45.006090
              26.236020,45.006090
              26.236020,45.006090
              26.236190,45.006170
              26.236190,45.006170
              26.236350,45.006300
              26.236350,45.006300
              26.236350,45.006300
              26.236350,45.006300
              26.236520,45.006480
              26.236520,45.006480
              26.236520,45.006480
              26.236520,45.006480
              26.236700,45.006730
              26.236700,45.006730
              26.236650,45.006930
              26.236650,45.006930
              26.236650,45.006930
              26.236650,45.006930
              26.236520,45.007080
              26.236520,45.007080
              26.236520,45.007080
              26.236520,45.007080
              26.236320,45.007410
              26.236320,45.007410
              26.236320,45.007410
              26.236320,45.007410
              26.236220,45.007570
              26.236220,45.007570
              26.236220,45.007570
              26.236220,45.007570
              26.236230,45.007860
              26.236230,45.007860
              26.236330,45.008100
              26.236330,45.008100
              26.236330,45.008100
              26.236330,45.008100
              26.236460,45.008360
              26.236460,45.008360
              26.236460,45.008360
              26.236460,45.008360
              26.237010,45.008830
              26.237010,45.008830
              26.237010,45.008830
              26.237010,45.008830
              26.237440,45.009130
              26.237440,45.009130
              26.237440,45.009130
              26.237440,45.009130
              26.238020,45.009550
              26.238020,45.009550
              26.238330,45.009790
              26.238330,45.009790
              26.238330,45.009790
              26.238330,45.009790
              26.238660,45.010110
              26.238660,45.010110
              26.238660,45.010110
              26.238660,45.010110
              26.238740,45.010200
              26.238740,45.010200
              26.238910,45.010270
              26.238910,45.010270
              26.238910,45.010270
              26.238910,45.010270
              26.239120,45.010250
              26.239120,45.010250
              26.239120,45.010250
              26.239120,45.010250
              26.239850,45.010020
              26.239850,45.010020
              26.240310,45.010060
              26.240310,45.010060
              26.240310,45.010060
              26.240310,45.010060
              26.240480,45.010090
              26.240480,45.010090
              26.240480,45.010090
              26.240480,45.010090
              26.240660,45.010090
              26.240660,45.010090
              26.240660,45.010090
              26.240660,45.010090
              26.240900,45.009930
              26.240900,45.009930
              26.241340,45.009730
              26.241340,45.009730
              26.241820,45.009820
              26.241820,45.009820
              26.241990,45.009910
              26.241990,45.009910
              26.242640,45.010040
              26.242640,45.010040
              26.243040,45.010030
              26.243040,45.010030
              26.243410,45.009870
              26.243410,45.009870
              26.243780,45.009770
              26.243780,45.009770
              26.244250,45.009770
              26.244250,45.009770
              26.244770,45.009810
              26.244770,45.009810
              26.245280,45.009880
              26.245280,45.009880
              26.245660,45.009940
              26.245660,45.009940
              26.246020,45.010080
              26.246020,45.010080
              26.246390,45.010290
              26.246390,45.010290
              26.246520,45.010390
              26.246520,45.010390
              26.246640,45.010610
              26.246640,45.010610
              26.246800,45.010840
              26.246800,45.010840
              26.247240,45.011070
              26.247240,45.011070
              26.247690,45.011300
              26.247690,45.011300
              26.248060,45.011500
              26.248060,45.011500
              26.248490,45.011730
              26.248490,45.011730
              26.248890,45.012000
              26.248890,45.012000
              26.249200,45.012180
              26.249200,45.012180
              26.249560,45.012280
              26.249560,45.012280
              26.249990,45.012360
              26.249990,45.012360
              26.250470,45.012440
              26.250470,45.012440
              26.250720,45.012500
              26.250720,45.012500
              26.250810,45.012600
              26.250810,45.012600
              26.250990,45.013040
              26.250990,45.013040
              26.251260,45.013750
              26.251260,45.013750
              26.251620,45.014190
              26.251620,45.014190
              26.251930,45.014440
              26.251930,45.014440
              26.252250,45.014730
              26.252250,45.014730
              26.252480,45.015140
              26.252480,45.015140
              26.252680,45.015530
              26.252680,45.015530
              26.253060,45.015970
              26.253060,45.015970
              26.253550,45.016250
              26.253550,45.016250
              26.253990,45.016320
              26.253990,45.016320
              26.254480,45.016340
              26.254480,45.016340
              26.254800,45.016200
              26.254800,45.016200
              26.255000,45.016140
              26.255000,45.016140
              26.255210,45.016140
              26.255210,45.016140
              26.255420,45.016270
              26.255420,45.016270
              26.255650,45.016540
              26.255650,45.016540
              26.255830,45.016860
              26.255830,45.016860
              26.256030,45.017280
              26.256030,45.017280
              26.256090,45.017540
              26.256090,45.017540
              26.255960,45.017790
              26.255960,45.017790
              26.255660,45.018050
              26.255660,45.018050
              26.255620,45.018360
              26.255620,45.018360
              26.255650,45.018750
              26.255650,45.018750
              26.255740,45.019060
              26.255740,45.019060
              26.255990,45.019350
              26.255990,45.019350
              26.256300,45.019650
              26.256300,45.019650
              26.256540,45.019980
              26.256540,45.019980
              26.256510,45.020240
              26.256510,45.020240
              26.256380,45.020440
              26.256380,45.020440
              26.256150,45.020600
              26.256150,45.020600
              26.255910,45.020830
              26.255910,45.020830
              26.255760,45.021010
              26.255760,45.021010
              26.255810,45.021270
              26.255810,45.021270
              26.255950,45.021380
              26.255950,45.021380
              26.256260,45.021410
              26.256260,45.021410
              26.256800,45.021420
              26.256800,45.021420
              26.257350,45.021390
              26.257350,45.021390
              26.257770,45.021410
              26.257770,45.021410
              26.258270,45.021660
              26.258270,45.021660
              26.258860,45.022030
              26.258860,45.022030
              26.259220,45.022310
              26.259220,45.022310
              26.259650,45.022540
              26.259650,45.022540
              26.260180,45.022800
              26.260180,45.022800
              26.260600,45.023090
              26.260600,45.023090
              26.261190,45.023520
              26.261190,45.023520
              26.261430,45.023800
              26.261430,45.023800
              26.261780,45.023960
              26.261780,45.023960
              26.262310,45.023960
              26.262310,45.023960
              26.263130,45.023820
              26.263130,45.023820
              26.263790,45.023780
              26.263790,45.023780
              26.264130,45.023860
              26.264130,45.023860
              26.264330,45.024090
              26.264330,45.024090
              26.264500,45.024350
              26.264500,45.024350
              26.264750,45.024790
              26.264750,45.024790
              26.264930,45.024950
              26.264930,45.024950
              26.265440,45.024960
              26.265440,45.024960
              26.265990,45.024990
              26.265990,45.024990
              26.266680,45.024990
              26.266680,45.024990
              26.267110,45.024930
              26.267110,45.024930
              26.267470,45.024930
              26.267470,45.024930
              26.267840,45.025060
              26.267840,45.025060
              26.268090,45.025080
              26.268090,45.025080
              26.268600,45.025050
              26.268600,45.025050
              26.269210,45.025050
              26.269210,45.025050
              26.269830,45.025080
              26.269830,45.025080
              26.270370,45.025120
              26.270370,45.025120
              26.270790,45.025190
              26.270790,45.025190
              26.271180,45.025330
              26.271180,45.025330
              26.271400,45.025580
              26.271400,45.025580
              26.271680,45.025860
              26.271680,45.025860
              26.272130,45.025960
              26.272130,45.025960
              26.272530,45.025880
              26.272530,45.025880
              26.272980,45.025780
              26.272980,45.025780
              26.273500,45.025680
              26.273500,45.025680
              26.273910,45.025520
              26.273910,45.025520
              26.274240,45.025490
              26.274240,45.025490
              26.274720,45.025580
              26.274720,45.025580
              26.275130,45.025650
              26.275130,45.025650
              26.275500,45.025730
              26.275500,45.025730
              26.276020,45.025840
              26.276020,45.025840
              26.276340,45.026070
              26.276340,45.026070
              26.276430,45.026410
              26.276430,45.026410
              26.276490,45.026800
              26.276490,45.026800
              26.276720,45.027070
              26.276720,45.027070
              26.276900,45.027350
              26.276900,45.027350
              26.277080,45.027610
              26.277080,45.027610
              26.277000,45.028100
              26.277000,45.028100
              26.277150,45.028380
              26.277150,45.028380
              26.277520,45.028510
              26.277520,45.028510
              26.277970,45.028600
              26.277970,45.028600
              26.278220,45.028760
              26.278220,45.028760
              26.278600,45.028980
              26.278600,45.028980
              26.279040,45.029130
              26.279040,45.029130
              26.279470,45.029290
              26.279470,45.029290
              26.279870,45.029410
              26.279870,45.029410
              26.280190,45.029620
              26.280190,45.029620
              26.280440,45.029880
              26.280440,45.029880
              26.280640,45.030030
              26.280640,45.030030
              26.280860,45.030200
              26.280860,45.030200
              26.281150,45.030350
              26.281150,45.030350
              26.281470,45.030510
              26.281470,45.030510
              26.281810,45.030650
              26.281810,45.030650
              26.282130,45.030710
              26.282130,45.030710
              26.282400,45.030940
              26.282400,45.030940
              26.282610,45.031290
              26.282610,45.031290
              26.283000,45.031630
              26.283000,45.031630
              26.283330,45.031870
              26.283330,45.031870
              26.283580,45.032110
              26.283580,45.032110
              26.283300,45.032560
              26.283300,45.032560
              26.283600,45.033060
              26.283600,45.033060
              26.283310,45.033550
              26.283310,45.033550
              26.284070,45.034910
              26.284070,45.034910
              26.284500,45.035130
              26.284500,45.035130
              26.284770,45.035370
              26.284770,45.035370
              26.284920,45.035260
              26.284920,45.035260
              26.285070,45.034840
              26.285070,45.034840
              26.285210,45.034610
              26.285210,45.034610
              26.285560,45.034460
              26.285560,45.034460
              26.286230,45.034310
              26.286230,45.034310
              26.286890,45.034190
              26.286890,45.034190
              26.287450,45.034200
              26.287450,45.034200
              26.288000,45.034410
              26.288000,45.034410
              26.288510,45.034460
              26.288510,45.034460
              26.289120,45.034460
              26.289120,45.034460
              26.289670,45.034510
              26.289670,45.034510
              26.290430,45.034730
              26.290430,45.034730
              26.291210,45.034830
              26.291210,45.034830
              26.291620,45.034980
              26.291620,45.034980
              26.292030,45.035250
              26.292030,45.035250
              26.292590,45.035410
              26.292590,45.035410
              26.293320,45.035500
              26.293320,45.035500
              26.294190,45.035540
              26.294190,45.035540
              26.295240,45.035470
              26.295240,45.035470
              26.296440,45.035090
              26.296440,45.035090
              26.297160,45.034870
              26.297160,45.034870
              26.297480,45.034650
              26.297480,45.034650
              26.297640,45.034260
              26.297640,45.034260
              26.297790,45.033830
              26.297790,45.033830
              26.298130,45.033460
              26.298130,45.033460
              26.298650,45.033130
              26.298650,45.033130
              26.299250,45.032910
              26.299250,45.032910
              26.299750,45.032800
              26.299750,45.032800
              26.300530,45.032640
              26.300530,45.032640
              26.301450,45.032380
              26.301450,45.032380
              26.302450,45.032080
              26.302450,45.032080
              26.303100,45.031800
              26.303100,45.031800
              26.304230,45.031350
              26.304230,45.031350
              26.305540,45.030730
              26.305540,45.030730
              26.307080,45.029880
              26.307080,45.029880
              26.307940,45.029360
              26.307940,45.029360
              26.308050,45.028690
              26.308050,45.028690
              26.307810,45.027980
              26.307810,45.027980
              26.307640,45.027530
              26.307640,45.027530
              26.307710,45.027280
              26.307710,45.027280
              26.307880,45.026750
              26.307880,45.026750
              26.308080,45.026290
              26.308080,45.026290
              26.308280,45.025980
              26.308280,45.025980
              26.308750,45.025670
              26.308750,45.025670
              26.309310,45.025390
              26.309310,45.025390
              26.309840,45.025260
              26.309840,45.025260
              26.310060,45.024870
              26.310060,45.024870
              26.310160,45.024430
              26.310160,45.024430
              26.310240,45.023990
              26.310240,45.023990
              26.310350,45.023460
              26.310350,45.023460
              26.310490,45.023210
              26.310490,45.023210
              26.310570,45.023050
              26.310570,45.023050
              26.310140,45.022930
              26.310140,45.022930
              26.310080,45.022840
              26.310080,45.022840
              26.309100,45.021310
              26.309100,45.021310
              26.309110,45.020920
              26.309110,45.020920
              26.309270,45.020160
              26.309270,45.020160
              26.308680,45.019180
              26.308680,45.019180
              26.308460,45.018150
              26.308460,45.018150
              26.309280,45.017050
              26.309280,45.017050
              26.308600,45.016670
              26.308600,45.016670
              26.309070,45.015790
              26.309070,45.015790
              26.309050,45.015540
              26.309050,45.015540
              26.308630,45.015180
              26.308630,45.015180
              26.308470,45.014190
              26.308470,45.014190
              26.308670,45.012360
              26.308670,45.012360
              26.308310,45.012450
              26.308310,45.012450
              26.307770,45.012790
              26.307770,45.012790
              26.307580,45.013910
              26.307580,45.013910
              26.307410,45.013830
              26.307410,45.013830
              26.307290,45.013590
              26.307290,45.013590
              26.307270,45.013470
              26.307270,45.013470
              26.307280,45.013310
              26.307280,45.013310
              26.306720,45.013540
              26.306720,45.013540
              26.306310,45.013660
              26.306310,45.013660
              26.306010,45.013740
              26.306010,45.013740
              26.304830,45.013850
              26.304830,45.013850
              26.304670,45.013790
              26.304670,45.013790
              26.304900,45.012530
              26.304900,45.012530
              26.302590,45.012250
              26.302590,45.012250
              26.302800,45.011020
              26.302800,45.011020
              26.301320,45.010810
              26.301320,45.010810
              26.300110,45.010710
              26.300110,45.010710
              26.298840,45.010520
              26.298840,45.010520
              26.298050,45.010270
              26.298050,45.010270
              26.297660,45.010110
              26.297660,45.010110
              26.297410,45.009890
              26.297410,45.009890
              26.296840,45.009600
              26.296840,45.009600
              26.296670,45.009420
              26.296670,45.009420
              26.295890,45.009100
              26.295890,45.009100
              26.295220,45.007840
              26.295220,45.007840
              26.295140,45.007780
              26.295140,45.007780
              26.294790,45.007770
              26.294790,45.007770
              26.294750,45.007680
              26.294750,45.007680
              26.294910,45.007410
              26.294910,45.007410
              26.294890,45.007320
              26.294890,45.007320
              26.294490,45.007250
              26.294490,45.007250
              26.294260,45.007210
              26.294260,45.007210
              26.294050,45.007120
              26.294050,45.007120
              26.293890,45.007100
              26.293890,45.007100
              26.293500,45.007080
              26.293500,45.007080
              26.293380,45.007020
              26.293380,45.007020
              26.293280,45.006910
              26.293280,45.006910
              26.293240,45.006730
              26.293240,45.006730
              26.293280,45.006570
              26.293280,45.006570
              26.293420,45.006310
              26.293420,45.006310
              26.293640,45.006130
              26.293640,45.006130
              26.294060,45.005840
              26.294060,45.005840
              26.294260,45.005670
              26.294260,45.005670
              26.294480,45.005490
              26.294480,45.005490
              26.294580,45.005370
              26.294580,45.005370
              26.294570,45.005280
              26.294570,45.005280
              26.294470,45.005180
              26.294470,45.005180
              26.294310,45.005120
              26.294310,45.005120
              26.294000,45.004970
              26.294000,45.004970
              26.293640,45.004790
              26.293640,45.004790
              26.293310,45.004660
              26.293310,45.004660
              26.293120,45.004620
              26.293120,45.004620
              26.292990,45.004530
              26.292990,45.004530
              26.292790,45.004390
              26.292790,45.004390
              26.292570,45.004230
              26.292570,45.004230
              26.292420,45.004110
              26.292420,45.004110
              26.292230,45.003890
              26.292230,45.003890
              26.292140,45.003760
              26.292140,45.003760
              26.291980,45.003670
              26.291980,45.003670
              26.291680,45.003550
              26.291680,45.003550
              26.291230,45.003410
              26.291230,45.003410
              26.290810,45.003310
              26.290810,45.003310
              26.290620,45.003280
              26.290620,45.003280
              26.290280,45.003260
              26.290280,45.003260
              26.289810,45.003270
              26.289810,45.003270
              26.289370,45.003250
              26.289370,45.003250
              26.289040,45.003210
              26.289040,45.003210
              26.288900,45.003210
              26.288900,45.003210
              26.288870,45.003210
              26.288870,45.003210
              26.288720,45.003150
              26.288720,45.003150
              26.288610,45.003070
              26.288610,45.003070
              26.288510,45.002990
              26.288510,45.002990
              26.288390,45.002870
              26.288390,45.002870
              26.288240,45.002760
              26.288240,45.002760
              26.288170,45.002670
              26.288170,45.002670
              26.288080,45.002560
              26.288080,45.002560
              26.287860,45.002450
              26.287860,45.002450
              26.287650,45.002410
              26.287650,45.002410
              26.287510,45.002380
              26.287510,45.002380
              26.287380,45.002320
              26.287380,45.002320
              26.287270,45.002260
              26.287270,45.002260
              26.286920,45.002140
              26.286920,45.002140
              26.286610,45.002030
              26.286610,45.002030
              26.285900,45.001770
              26.285900,45.001770
              26.285260,45.001560
              26.285260,45.001560
              26.285150,45.001500
              26.285150,45.001500
              26.285100,45.001480
              26.285100,45.001480
              26.284610,45.001590
              26.284610,45.001590
              26.284220,45.001620
              26.284220,45.001620
              26.283060,45.001660
              26.283060,45.001660
              26.282760,45.001630
              26.282760,45.001630
              26.282410,45.001600
              26.282410,45.001600
              26.282230,45.001650
              26.282230,45.001650
              26.282150,45.001670
              26.282150,45.001670
              26.281700,45.001670
              26.281700,45.001670
              26.281640,45.001700
              26.281640,45.001700
              26.281630,45.001880
              26.281630,45.001880
              26.281560,45.002000
              26.281560,45.002000
              26.281390,45.002120
              26.281390,45.002120
              26.280650,45.002810
              26.280650,45.002810
              26.279760,45.003620
              26.279760,45.003620
              26.279280,45.004060
              26.279280,45.004060
              26.279210,45.004140
              26.279210,45.004140
              26.279240,45.004230
              26.279240,45.004230
              26.279380,45.004320
              26.279380,45.004320
              26.279690,45.004450
              26.279690,45.004450
              26.279900,45.004530
              26.279900,45.004530
              26.280130,45.004610
              26.280130,45.004610
              26.280140,45.004690
              26.280140,45.004690
              26.280050,45.004830
              26.280050,45.004830
              26.279740,45.005110
              26.279740,45.005110
              26.278990,45.005890
              26.278990,45.005890
              26.278570,45.006270
              26.278570,45.006270
              26.278410,45.006380
              26.278410,45.006380
              26.278330,45.006380
              26.278330,45.006380
              26.277390,45.006000
              26.277390,45.006000
              26.277320,45.006000
              26.277320,45.006000
              26.276420,45.006930
              26.276420,45.006930
              26.275930,45.007410
              26.275930,45.007410
              26.275380,45.007990
              26.275380,45.007990
              26.275030,45.008380
              26.275030,45.008380
              26.274880,45.008500
              26.274880,45.008500
              26.274830,45.008500
              26.274830,45.008500
              26.274590,45.008020
              26.274590,45.008020
              26.274490,45.007870
              26.274490,45.007870
              26.274280,45.007780
              26.274280,45.007780
              26.273410,45.008760
              26.273410,45.008760
              26.272950,45.009180
              26.272950,45.009180
              26.272550,45.009580
              26.272550,45.009580
              26.272660,45.009950
              26.272660,45.009950
              26.272990,45.010490
              26.272990,45.010490
              26.273390,45.011070
              26.273390,45.011070
              26.273880,45.011420
              26.273880,45.011420
              26.274070,45.011960
              26.274070,45.011960
              26.274310,45.012370
              26.274310,45.012370
              26.274640,45.012820
              26.274640,45.012820
              26.274970,45.013470
              26.274970,45.013470
              26.274930,45.014040
              26.274930,45.014040
              26.274990,45.014680
              26.274990,45.014680
              26.275390,45.015580
              26.275390,45.015580
              26.275820,45.016460
              26.275820,45.016460
              26.276380,45.016980
              26.276380,45.016980
              26.276690,45.017360
              26.276690,45.017360
              26.276800,45.017750
              26.276800,45.017750
              26.276630,45.018200
              26.276630,45.018200
              26.276540,45.018600
              26.276540,45.018600
              26.276700,45.019110
              26.276700,45.019110
              26.276830,45.019810
              26.276830,45.019810
              26.276890,45.020380
              26.276890,45.020380
              26.276950,45.020940
              26.276950,45.020940
              26.276590,45.021030
              26.276590,45.021030
              26.276090,45.021150
              26.276090,45.021150
              26.275860,45.021340
              26.275860,45.021340
              26.275300,45.021570
              26.275300,45.021570
              26.274930,45.021950
              26.274930,45.021950
              26.274360,45.021990
              26.274360,45.021990
              26.273790,45.022180
              26.273790,45.022180
              26.273350,45.022190
              26.273350,45.022190
              26.273130,45.022130
              26.273130,45.022130
              26.273080,45.021980
              26.273080,45.021980
              26.273100,45.021700
              26.273100,45.021700
              26.272950,45.021330
              26.272950,45.021330
              26.272340,45.020450
              26.272340,45.020450
              26.272000,45.020160
              26.272000,45.020160
              26.271270,45.020020
              26.271270,45.020020
              26.270850,45.019980
              26.270850,45.019980
              26.270330,45.019240
              26.270330,45.019240
              26.269580,45.018960
              26.269580,45.018960
              26.269330,45.018800
              26.269330,45.018800
              26.269010,45.017800
              26.269010,45.017800
              26.268850,45.017850
              26.268850,45.017850
              26.268780,45.018530
              26.268780,45.018530
              26.268730,45.018910
              26.268730,45.018910
              26.268720,45.019490
              26.268720,45.019490
              26.268720,45.019910
              26.268720,45.019910
              26.268490,45.020500
              26.268490,45.020500
              26.268290,45.021160
              26.268290,45.021160
              26.267910,45.021350
              26.267910,45.021350
              26.267420,45.021500
              26.267420,45.021500
              26.266620,45.021680
              26.266620,45.021680
              26.266340,45.021690
              26.266340,45.021690
              26.266130,45.021530
              26.266130,45.021530
              26.265530,45.021620
              26.265530,45.021620
              26.264870,45.021730
              26.264870,45.021730
              26.264320,45.021720
              26.264320,45.021720
              26.264260,45.021670
              26.264260,45.021670
              26.264200,45.021360
              26.264200,45.021360
              26.264170,45.021100
              26.264170,45.021100
              26.264130,45.020970
              26.264130,45.020970
              26.263990,45.020870
              26.263990,45.020870
              26.263880,45.020720
              26.263880,45.020720
              26.263850,45.020610
              26.263850,45.020610
              26.263840,45.020120
              26.263840,45.020120
              26.263870,45.019970
              26.263870,45.019970
              26.264060,45.019920
              26.264060,45.019920
              26.264260,45.019770
              26.264260,45.019770
              26.264240,45.019620
              26.264240,45.019620
              26.264280,45.019560
              26.264280,45.019560
              26.264120,45.019090
              26.264120,45.019090
              26.263860,45.018710
              26.263860,45.018710
              26.263590,45.018560
              26.263590,45.018560
              26.263460,45.018160
              26.263460,45.018160
              26.263360,45.017920
              26.263360,45.017920
              26.263250,45.017770
              26.263250,45.017770
              26.263330,45.017640
              26.263330,45.017640
              26.263520,45.017540
              26.263520,45.017540
              26.263780,45.017180
              26.263780,45.017180
              26.263770,45.016960
              26.263770,45.016960
              26.263620,45.016630
              26.263620,45.016630
              26.263490,45.016410
              26.263490,45.016410
              26.263270,45.016190
              26.263270,45.016190
              26.263090,45.015980
              26.263090,45.015980
              26.262700,45.015590
              26.262700,45.015590
              26.262430,45.015260
              26.262430,45.015260
              26.262210,45.014950
              26.262210,45.014950
              26.261930,45.014770
              26.261930,45.014770
              26.261880,45.014930
              26.261880,45.014930
              26.261730,45.015060
              26.261730,45.015060
              26.261290,45.015420
              26.261290,45.015420
              26.261300,45.015580
              26.261300,45.015580
              26.261410,45.016000
              26.261410,45.016000
              26.261340,45.016170
              26.261340,45.016170
              26.260990,45.016420
              26.260990,45.016420
              26.260640,45.016630
              26.260640,45.016630
              26.260450,45.016690
              26.260450,45.016690
              26.260330,45.016660
              26.260330,45.016660
              26.260260,45.016230
              26.260260,45.016230
              26.260190,45.015880
              26.260190,45.015880
              26.260090,45.015420
              26.260090,45.015420
              26.260050,45.015150
              26.260050,45.015150
              26.260010,45.014980
              26.260010,45.014980
              26.259220,45.014410
              26.259220,45.014410
              26.259040,45.014240
              26.259040,45.014240
              26.258800,45.013890
              26.258800,45.013890
              26.258310,45.013110
              26.258310,45.013110
              26.258150,45.012940
              26.258150,45.012940
              26.257810,45.012540
              26.257810,45.012540
              26.257750,45.012480
              26.257750,45.012480
              26.257490,45.012470
              26.257490,45.012470
              26.256840,45.012600
              26.256840,45.012600
              26.255990,45.012820
              26.255990,45.012820
              26.255650,45.012840
              26.255650,45.012840
              26.255680,45.012690
              26.255680,45.012690
              26.256110,45.012260
              26.256110,45.012260
              26.256640,45.011860
              26.256640,45.011860
              26.256810,45.011760
              26.256810,45.011760
              26.257190,45.011380
              26.257190,45.011380
              26.257460,45.011190
              26.257460,45.011190
              26.258280,45.010760
              26.258280,45.010760
              26.258340,45.010520
              26.258340,45.010520
              26.258390,45.010320
              26.258390,45.010320
              26.258620,45.010170
              26.258620,45.010170
              26.258780,45.010060
              26.258780,45.010060
              26.258990,45.009910
              26.258990,45.009910
              26.258970,45.009750
              26.258970,45.009750
              26.258960,45.009560
              26.258960,45.009560
              26.259020,45.009430
              26.259020,45.009430
              26.259090,45.009290
              26.259090,45.009290
              26.259020,45.009000
              26.259020,45.009000
              26.258940,45.008700
              26.258940,45.008700
              26.258900,45.008510
              26.258900,45.008510
              26.258870,45.008300
              26.258870,45.008300
              26.258710,45.008040
              26.258710,45.008040
              26.258650,45.007820
              26.258650,45.007820
              26.258620,45.007550
              26.258620,45.007550
              26.258620,45.007330
              26.258620,45.007330
              26.258230,45.006630
              26.258230,45.006630
              26.257990,45.006200
              26.257990,45.006200
              26.257830,45.006060
              26.257830,45.006060
              26.257690,45.005970
              26.257690,45.005970
              26.257610,45.005830
              26.257610,45.005830
              26.257510,45.005550
              26.257510,45.005550
              26.257390,45.005300
              26.257390,45.005300
              26.257280,45.005100
              26.257280,45.005100
              26.257100,45.005050
              26.257100,45.005050
              26.256720,45.005060
              26.256720,45.005060
              26.256520,45.005090
              26.256520,45.005090
              26.256410,45.005070
              26.256410,45.005070
              26.256210,45.004820
              26.256210,45.004820
              26.256070,45.004680
              26.256070,45.004680
              26.255880,45.004520
              26.255880,45.004520
              26.255800,45.004340
              26.255800,45.004340
              26.255740,45.004190
              26.255740,45.004190
              26.255690,45.004080
              26.255690,45.004080
              26.255510,45.004000
              26.255510,45.004000
              26.255280,45.003940
              26.255280,45.003940
              26.255010,45.003810
              26.255010,45.003810
              26.254890,45.003690
              26.254890,45.003690
              26.254840,45.003530
              26.254840,45.003530
              26.254700,45.003310
              26.254700,45.003310
              26.254550,45.003080
              26.254550,45.003080
              26.254280,45.002830
              26.254280,45.002830
              26.254040,45.002690
              26.254040,45.002690
              26.253830,45.002520
              26.253830,45.002520
              26.253670,45.002350
              26.253670,45.002350
              26.253530,45.002160
              26.253530,45.002160
              26.253400,45.001990
              26.253400,45.001990
              26.253380,45.001780
              26.253380,45.001780
              26.253300,45.001610
              26.253300,45.001610
              26.253200,45.001460
              26.253200,45.001460
              26.253030,45.001350
              26.253030,45.001350
              26.252830,45.001250
              26.252830,45.001250
              26.252670,45.001160
              26.252670,45.001160
              26.252600,45.001050
              26.252600,45.001050
              26.252530,45.000900
              26.252530,45.000900
              26.252450,45.000770
              26.252450,45.000770
              26.252260,45.000580
              26.252260,45.000580
              26.252060,45.000400
              26.252060,45.000400
              26.251910,45.000260
              26.251910,45.000260
              26.251880,45.000120
              26.251880,45.000120
              26.251850,44.999990
              26.251850,44.999990
              26.251790,44.999830
              26.251790,44.999830
              26.251680,44.999610
              26.251680,44.999610
              26.251580,44.999510
              26.251580,44.999510
              26.251440,44.999400
              26.251440,44.999400
              26.251290,44.999300
              26.251290,44.999300
              26.251250,44.999180
              26.251250,44.999180
              26.251200,44.999070
              26.251200,44.999070
              26.251140,44.998940
              26.251140,44.998940
              26.251040,44.998840
              26.251040,44.998840
              26.250920,44.998710
              26.250920,44.998710
              26.250780,44.998590
              26.250780,44.998590
              26.250590,44.998510
              26.250590,44.998510
              26.250440,44.998400
              26.250440,44.998400
              26.250300,44.998310
              26.250300,44.998310
              26.250180,44.998190
              26.250180,44.998190
              26.250020,44.998040
              26.250020,44.998040
              26.249860,44.997910
              26.249860,44.997910
              26.249680,44.997780
              26.249680,44.997780
              26.249520,44.997670
              26.249520,44.997670
              26.249380,44.997560
              26.249380,44.997560
              26.249270,44.997470
              26.249270,44.997470
              26.249040,44.997260
              26.249040,44.997260
              26.248970,44.997300
              26.248970,44.997300
              26.248860,44.997460
              26.248860,44.997460
              26.248660,44.997600
              26.248660,44.997600
              26.248380,44.997730
              26.248380,44.997730
              26.248140,44.997800
              26.248140,44.997800
              26.247790,44.997820
              26.247790,44.997820
              26.247390,44.997820
              26.247390,44.997820
              26.247280,44.997770
              26.247280,44.997770
              26.247280,44.997640
              26.247280,44.997640
              26.247290,44.997540
              26.247290,44.997540
              26.247380,44.997410
              26.247380,44.997410
              26.247510,44.997300
              26.247510,44.997300
              26.247780,44.997130
              26.247780,44.997130
              26.248040,44.996980
              26.248040,44.996980
              26.248170,44.996840
              26.248170,44.996840
              26.248200,44.996700
              26.248200,44.996700
              26.248090,44.996580
              26.248090,44.996580
              26.247960,44.996500
              26.247960,44.996500
              26.247770,44.996440
              26.247770,44.996440
              26.247560,44.996330
              26.247560,44.996330
              26.247320,44.996260
              26.247320,44.996260
              26.247070,44.996210
              26.247070,44.996210
              26.246760,44.996210
              26.246760,44.996210
              26.246600,44.996160
              26.246600,44.996160
              26.246460,44.996070
              26.246460,44.996070
              26.246340,44.995960
              26.246340,44.995960
              26.246250,44.995830
              26.246250,44.995830
              26.245990,44.995530
              26.245990,44.995530
              26.245830,44.995400
              26.245830,44.995400
              26.245560,44.995180
              26.245560,44.995180
              26.245310,44.995040
              26.245310,44.995040
              26.245110,44.995000
              26.245110,44.995000
              26.244960,44.995070
              26.244960,44.995070
              26.244850,44.995280
              26.244850,44.995280
              26.244730,44.995580
              26.244730,44.995580
              26.244660,44.995840
              26.244660,44.995840
              26.244630,44.996150
              26.244630,44.996150
              26.244590,44.996400
              26.244590,44.996400
              26.244440,44.996720
              26.244440,44.996720
              26.244290,44.996880
              26.244290,44.996880
              26.244180,44.996990
              26.244180,44.996990
              26.244000,44.997180
              26.244000,44.997180
              26.244070,44.997440
              26.244070,44.997440
              26.244170,44.997720
              26.244170,44.997720
              26.244320,44.998170
              26.244320,44.998170
              26.244410,44.998470
              26.244410,44.998470
              26.244540,44.998860
              26.244540,44.998860
              26.244680,44.999260
              26.244680,44.999260
              26.244820,44.999710
              26.244820,44.999710
              26.244920,45.000050
              26.244920,45.000050
              26.244980,45.000450
              26.244980,45.000450
              26.245030,45.000790
              26.245030,45.000790
              26.245140,45.001270
              26.245140,45.001270
              26.245250,45.001520
              26.245250,45.001520
              26.245360,45.001720
              26.245360,45.001720
              26.245480,45.001940
              26.245480,45.001940
              26.245680,45.002360
              26.245680,45.002360
              26.245830,45.002630
              26.245830,45.002630
              26.246090,45.002920
              26.246090,45.002920
              26.246390,45.003230
              26.246390,45.003230
              26.246920,45.003780
              26.246920,45.003780
              26.247290,45.004090
              26.247290,45.004090
              26.247560,45.004400
              26.247560,45.004400
              26.247660,45.004680
              26.247660,45.004680
              26.247750,45.005050
              26.247750,45.005050
              26.247860,45.005560
              26.247860,45.005560
              26.248010,45.006220
              26.248010,45.006220
              26.247930,45.006280
              26.247930,45.006280
              26.247080,45.006290
              26.247080,45.006290
              26.246580,45.006300
              26.246580,45.006300
              26.245080,45.006320
              26.245080,45.006320
              26.244850,45.006300
              26.244850,45.006300
              26.244370,45.006180
              26.244370,45.006180
              26.244110,45.005980
              26.244110,45.005980
              26.244020,45.005940
              26.244020,45.005940
              26.243940,45.005990
              26.243940,45.005990
              26.244050,45.006580
              26.244050,45.006580
              26.244250,45.007620
              26.244250,45.007620
              26.244150,45.007650
              26.244150,45.007650
              26.244070,45.007580
              26.244070,45.007580
              26.243740,45.007300
              26.243740,45.007300
              26.243220,45.006920
              26.243220,45.006920
              26.242800,45.006590
              26.242800,45.006590
              26.242680,45.006500
              26.242680,45.006500
              26.241860,45.005630
              26.241860,45.005630
              26.241420,45.005150
              26.241420,45.005150
              26.241020,45.004660
              26.241020,45.004660
              26.240730,45.004240
              26.240730,45.004240
              26.240500,45.003990
              26.240500,45.003990
              26.240400,45.003860
              26.240400,45.003860
              26.240260,45.003770
              26.240260,45.003770
              26.240060,45.003670
              26.240060,45.003670
              26.239810,45.003610
              26.239810,45.003610
              26.239560,45.003600
              26.239560,45.003600
              26.239330,45.003600
              26.239330,45.003600
              26.239160,45.003670
              26.239160,45.003670
              26.239060,45.003630
              26.239060,45.003630
              26.239060,45.003500
              26.239060,45.003500
              26.239110,45.003300
              26.239110,45.003300
              26.239180,45.003040
              26.239180,45.003040
              26.239160,45.002930
              26.239160,45.002930
              26.239150,45.002890
              26.239150,45.002890
              26.239640,45.002550
              26.239640,45.002550
              26.239750,45.002410
              26.239750,45.002410
              26.239770,45.002270
              26.239770,45.002270
              26.239810,45.002020
              26.239810,45.002020
              26.239850,45.001770
              26.239850,45.001770
              26.239780,45.001390
              26.239780,45.001390
              26.239720,45.000550
              26.239720,45.000550
              26.239640,44.999490
              26.239640,44.999490
              26.239540,44.998760
              26.239540,44.998760
              26.239510,44.998380
              26.239510,44.998380
              26.239440,44.998090
              26.239440,44.998090
              26.239310,44.997630
              26.239310,44.997630
              26.239250,44.997530
              26.239250,44.997530
              26.238970,44.997180
              26.238970,44.997180
              26.238040,44.996330
              26.238040,44.996330
              26.237700,44.996020
              26.237700,44.996020
              26.237360,44.995710
              26.237360,44.995710
              26.236940,44.995430
              26.236940,44.995430
              26.236310,44.995070
              26.236310,44.995070
              26.234890,44.994170
              26.234890,44.994170
              26.235790,44.992490
              26.235790,44.992490
              26.233480,44.991800
              26.233480,44.991800
